100032 0.0 2.70000004768
100259 -0.10000000149 17.6000003815
109997 -0.10000000149 17.1000003815
112400 0.0 23.5
112711 -0.20000000298 12.8999996185
113 0.0 187.600006104
113241 0.0 537.599975586
113916 -0.40000000596 2.0
11699336 0.0 2.20000004768
118847 0.0 481.600006104
12399 0.0 4.40000009537
128296 -0.10000000149 84.1999969482
13304 -0.20000000298 148.699996948
138548 0.0 22.7000007629
144133 -0.300000011921 2.59999990463
148339 0.0 1437.0
1549793 0.0 105.099998474
157068 -0.699999988079 2.90000009537
1586 -0.10000000149 524.5
1614129 0.0 24.0
16952 -0.10000000149 344.700012207
1763353 0.0 55.7000007629
1773522 0.0 142.5
1946 0.0 126.5
2002 0.0 28.0
211998 0.0 11.8000001907
21430 -0.10000000149 229.0
22747 0.0 1526.5
22768 -0.10000000149 593.799987793
23079 -0.10000000149 4.90000009537
25332 -0.10000000149 159.300003052
283198 0.0 1.5
2836467 0.40000000596 1.70000004768
28974 0.0 1337.69995117
2991019 0.0 0.10000000149
3014 0.0 35.2000007629
3022715 -0.300000011921 0.300000011921
3175146 0.0 7.90000009537
32412 -0.10000000149 28.3999996185
3332534 0.0 9.89999961853
33694 0.0 21.2999992371
34219 0.0 457.5
3442 -0.10000000149 1.5
35372 0.0 4.09999990463
37222 0.0 0.0
3741 0.0 202.300003052
38004 -0.10000000149 155.199996948
3871 0.0 583.099975586
393196 -0.20000000298 5.0
4158 0.0 47.5
446781 0.0 81.5
45142 0.0 50.7999992371
4828 -0.10000000149 762.299987793
4896 0.0 299.299987793
5175 0.0 95.0999984741
5176 -0.10000000149 235.300003052
5203 0.0 65.6999969482
5212 0.0 20.7999992371
5274 -0.10000000149 180.199996948
5291 0.0 106.699996948
5513 -0.10000000149 13.0
55974 0.0 139.699996948
580562 0.0 467.399993896
5876490 -0.10000000149 89.6999969482
6 0.0 135.199996948
69284 0.0 4.5
6997483 0.0 1.39999997616
7150 0.0 4.19999980927
71541 -0.10000000149 356.200012207
7225 0.0 212.899993896
7322 0.0 18.2999992371
75656 0.0 104.599998474
78322 -0.10000000149 17.8999996185
808400 0.0 0.0
8085916 0.0 2.40000009537
84473 -0.10000000149 38.2999992371
84482 0.0 15.5
88459 -0.10000000149 4.0
89568 -0.10000000149 493.200012207
8978 0.0 76.8000030518
90407 0.300000011921 0.600000023842
90720 0.0 1.10000002384
915605 -0.10000000149 0.5
960320 -0.10000000149 41.9000015259
9701 0.0 475.200012207
97845 -0.10000000149 0.800000011921
